0	csvline:1	0.12161786845986301	4.387614189740453E-4	0.023312204836141596	0.5676518584983293	0.03830656727589437	0.2463654346309479	7.231973860313382E-4	4.7945705057050425E-4	4.559549210570299E-4	6.486955221908229E-4
1	csvline:2	6.297725648607758E-4	0.05650767511854055	6.212301712457718E-4	5.474321809965101E-4	0.2360045159379156	6.158883903264792E-4	0.23622519098362207	4.740800515283411E-4	0.07147769828126295	0.39689651631970096
2	csvline:3	0.04605468942991616	4.7856584880351E-4	6.852733445398537E-4	0.42533834781933305	0.029410831331488373	0.46252658282579373	0.02965425596478413	5.229533875326305E-4	4.973191451564311E-4	0.004831180902652121
3	csvline:4	7.245752239827311E-4	4.991489325401685E-4	0.12544354438334218	0.07804771404855804	0.06078274024905506	0.40500194455484495	0.005123725343608015	0.09516729194043114	5.187088068596027E-4	0.22869060651677808
4	csvline:5	0.05052414926114085	0.0014066435368679914	0.1110992466504685	0.0017749412182009754	0.001603033219879131	0.7777126656085499	0.05080076420636002	0.0015371113598998656	0.0014617649024559426	0.0020796800361768024
5	csvline:6	0.005144588580595422	2.753336227121658E-4	0.216287592280336	3.4742348214001164E-4	0.024038316692478388	3.9086867123399194E-4	0.05502027114042273	3.0087113624791163E-4	0.0524801156816903	0.6457146187121431
6	csvline:7	0.28668916761241003	0.10563023136399335	9.689651583813356E-4	0.05916138478842494	0.11738621241965504	9.606333035647528E-4	0.0011153583960729707	0.16400052082002634	0.0065339536548574976	0.25755357248261374
7	csvline:8	0.03837692610006496	0.0020538975908672217	0.569268153570669	0.00259166405449886	0.0023406541757699474	0.0029157507691395207	0.003385378259475234	0.002244398979731887	0.3206933839663378	0.056129792533445584
8	csvline:9	0.019809280306555002	0.8367451644527099	0.01954058224149091	0.017219291736828776	0.015551555394552377	0.019372558352438417	0.022492813367623654	0.014912025630311576	0.014181064729319891	0.020175663788169557
9	csvline:10	0.001310981573677675	0.05537593872597224	0.14914800522319357	0.13343071801528694	0.0010292046075767512	0.10244589396273454	0.024834073957965615	9.86880417915975E-4	0.5223212427184761	0.009117060797200606
10	csvline:11	0.0027391021514912373	0.2782897069472142	0.00270194828033949	0.685258433409965	0.002150370845434394	0.002678714998317966	0.0031101641521000477	0.018320927816918006	0.0019608680532256953	0.0027897633449940214
11	csvline:12	0.01076883944169561	0.010285793660145969	0.0015315670336095478	0.06586311237877074	0.01043512414944832	0.8586261303633911	0.03862780803734375	0.001168786404492689	0.0011114945794599984	0.0015813439516422915
12	csvline:13	0.025971037292068812	7.230600076772331E-4	0.6676835706476154	0.0756766608023929	0.10674007954038539	0.06956039622500453	0.001191798286911154	7.901246638253756E-4	0.05059425012473726	0.0010690224093819636
13	csvline:14	0.0050281971413781105	0.0034638490975786207	0.004959993409503913	0.24314505786212062	0.003947457210396281	0.15415126790617564	0.005709359357149979	0.003785125127523097	0.0035995850444939656	0.5722101078436796
14	csvline:15	5.839319408075426E-4	0.00733456407028724	5.76011340957573E-4	5.075850453734297E-4	4.5842402064006374E-4	5.71058383852716E-4	0.10811371998089869	0.8808419480219414	4.180251135811834E-4	5.947320816601216E-4
15	csvline:16	0.7071790008419478	0.024438789672004396	0.03267479647020648	0.09526287821115732	0.0324087315154577	0.009134998161616994	0.07208602671091352	0.024523211633850676	9.458658691133453E-4	0.0013457009137318049
16	csvline:17	8.661342424541341E-4	5.966668031803586E-4	0.08825598672197206	7.528904621103132E-4	6.799709248491432E-4	0.8902868605154327	0.011266009417703112	6.520083427004984E-4	0.005761318700262287	8.821538693353249E-4
17	csvline:18	4.918679540735674E-4	0.006178180659692185	0.6866076757548997	4.275580771294963E-4	0.012064828391258404	0.2632513354146962	0.020996191439724213	3.702682492431007E-4	3.5211836003387094E-4	0.009259975699249376
18	csvline:19	0.04156886581284515	0.01585742411601389	0.011023576684492623	7.45227628254318E-4	6.730502577850107E-4	8.384180914554196E-4	0.39282209824930775	0.5349844264749933	6.137372776923707E-4	8.731754071601069E-4
19	csvline:20	0.07102784613794144	0.7741506201675536	4.344572582038428E-4	0.01084024142000108	0.008188812962260436	0.08147553102077394	5.000959492516595E-4	0.03170373217339715	3.1529595303611904E-4	0.02136336695758074
20	csvline:21	0.07377237070248004	0.0020538975908672217	0.0029410399320278576	0.6220119445967626	0.0023406541757699474	0.28607930758846006	0.003385378259475234	0.002244398979731887	0.0021343825446021843	0.003036625629822982
21	csvline:22	0.01603768118043703	0.011048116436597177	0.01582014203541962	0.013940814949082812	0.012590608210799317	0.01568410914974081	0.01821028144680511	0.868852886828452	0.01148105289078648	0.016334306871879662
22	csvline:23	0.019809280306555002	0.8367451644527099	0.01954058224149091	0.017219291736828776	0.015551555394552377	0.019372558352438417	0.022492813367623654	0.014912025630311576	0.014181064729319891	0.020175663788169557
23	csvline:24	0.014336235798635431	0.0014239020252099182	0.10019308393992771	0.014065987735035264	0.0016227012661267296	0.7504468238741164	0.10050112960254692	0.0015559705930956065	0.013748968974738653	0.0021051961905674253
24	csvline:25	4.820166468452007E-4	0.011776829706671788	0.05769935703118904	4.189947911075279E-4	0.031851547197849356	4.7138994821358497E-4	0.7358741544549883	0.15200613062002202	3.450660076358054E-4	0.009074513595477372
25	csvline:26	0.015417997117843377	0.3703864111170815	0.020272952275868596	0.02504296444331991	0.020107873294127384	0.010533849371516682	9.308262064147746E-4	6.171084079416463E-4	5.868588543892665E-4	0.5361031589114968
26	csvline:27	6.13713051024472E-4	4.227776553289048E-4	6.053884926981259E-4	0.015105185354411	4.818041020000407E-4	0.029743608862815154	0.1063417708312086	4.619907742688305E-4	0.025939842501812565	0.8202839183744323
27	csvline:28	0.0015384485919934011	0.0010598140083240455	0.0015175806879871958	0.10178984430002087	0.0012077808042394896	0.0015045314448277395	0.14785964831801482	0.29338368986182745	0.2750628226740407	0.17507583930872433
28	csvline:29	3.886164552729671E-4	0.009494837667774493	0.0026901265785561975	0.17795997525494925	0.05566784279226531	0.08111739840328308	4.41261735144908E-4	2.9254260890405496E-4	0.5539057422239788	0.11804165627987094
29	csvline:30	0.1888725654380031	0.2419715042987835	0.004142676423739122	0.09643343434187995	0.20295330362386	5.852585456584314E-4	0.24223876323186158	4.505027304315175E-4	4.284198900515982E-4	0.021923571475731155
30	csvline:31	0.08923906404467691	0.007481443172159294	0.022007404515575722	0.017158137459004515	3.1754131180363956E-4	3.9556092211719964E-4	0.0460770325337641	0.7662026692168938	2.8955778265741606E-4	0.050831589041347464
31	csvline:32	0.06773813047979743	0.0803702303786315	0.710921666681383	4.686030685347767E-4	4.2321755678192144E-4	0.1381252439421112	6.121158480348534E-4	4.05813495423138E-4	3.859212416406528E-4	5.490573076615644E-4
32	csvline:33	0.0020174609697524142	0.0013897984034813905	0.0019900956212629277	0.6364504272024324	0.0015838362394755944	0.001972983357066371	0.03821699399602605	0.0015187038208120131	0.20502623339958367	0.10983346699010721
33	csvline:34	0.4077832875192252	0.04178546755390327	0.011838875060040948	0.0014866389075117172	0.2855937819589868	0.0016725426007608863	0.24558575601950974	0.0012874395666587323	0.0012243315752330532	0.0017418792381696413
34	csvline:35	0.026697758860820604	0.7974395108525372	6.189165031492914E-4	0.15696738403385285	0.004216903607075011	0.00433792772805522	0.0044367567854019345	4.7231441949504926E-4	4.4916240901810294E-4	0.004363364800594825
35	csvline:36	0.13901092204300267	9.396774743208178E-4	0.033733051373252845	0.3007700665453782	0.01726462027526579	0.28472459030180836	0.0015488424090030237	0.0010268336522816543	0.03336399802812558	0.18761739789756116
36	csvline:37	0.1682579764957811	0.12234480137282439	0.36634115412544743	0.12627001563366774	0.0462173404591827	0.03872221223228439	7.287073680231218E-4	4.83109994795005E-4	0.1261715851541224	0.0044630971638717236
37	csvline:38	0.016898089742564654	6.189418356071948E-4	8.862820922608798E-4	7.809977061667477E-4	0.04870421766959537	8.786612055289042E-4	0.0010201834032336375	6.763494102759157E-4	0.2513039185217455	0.6782323584130212
38	csvline:39	0.004303675232789891	0.018843353820833898	0.0705925154884481	0.015272090746477809	0.03363575621532006	6.068146768217043E-4	0.026486818250260353	0.004150276494243613	0.0335928277680298	0.7925158713067748
39	csvline:40	0.0017277874765065197	0.06272590200919871	0.011960293882517053	0.0015018857907402165	0.0013564239707392924	0.00168969610158724	0.05324156096848648	0.8320319900481904	0.0012368882495311768	0.03252757150250289
40	csvline:41	0.24937738574562857	3.4798440462832647E-4	0.051472122850862695	4.3909622223210586E-4	0.003395029303829617	4.940050565107237E-4	5.735723354969003E-4	0.29123095535726057	0.3511815311352841	0.051488317588266413
41	csvline:42	0.047633688165890656	0.037934430203292256	0.0015315670336095478	0.0013496271114294123	0.0012189119683995585	0.0015183975258563317	0.5639519023571231	0.34216863710329687	0.0011114945794599984	0.0015813439516422915
42	csvline:43	0.2940244515773933	0.08692098162814754	0.002806665111034632	0.17844921082482748	0.08936669076803486	0.31567593088394685	0.017307369361829177	3.0521579930366385E-4	0.009917107121969368	0.0052263769235131015
43	csvline:44	0.25674319485379354	9.876591892416823E-4	0.001414259955175063	0.18847321300132433	0.0011255520313259637	0.520531390863944	0.01864856175702871	0.009589581984842601	0.0010263620459495786	0.0014602243173746268
44	csvline:45	0.012717949636535674	0.07106004920525552	9.746480902884841E-4	0.6108136343762047	0.012505582195116978	0.05961576428895514	0.11842089375573958	7.437842497884132E-4	0.053491872499846764	0.05965582170226873
45	csvline:46	0.3067277301436337	0.013818150359594975	0.00517143609345285	6.493909315916725E-4	0.4750782483891914	0.0051650994106491035	0.11614533260868364	0.03160389357090984	0.03157632685169125	0.014064391640601645
46	csvline:47	0.0018410795106576945	0.0012682918792269744	0.04552982942276654	0.0016003653193913565	0.0014453654828789587	0.0018004904620332286	0.9419355274793433	0.001385927425202029	0.0013179917346023884	0.0018751312838975725
47	csvline:48	0.1173933897968974	0.007969939394301531	0.12115119832139606	5.515558948442861E-4	0.09842493310037272	0.5580499872177339	0.027085380389975825	4.7765121621559626E-4	0.06824971240278993	6.462522654727222E-4
48	csvline:49	0.35130406979030415	0.07609550404411189	0.0763657266064131	0.06547789437145278	7.129606371961379E-4	0.4159725246907796	0.00642188878879133	0.006074347779643399	6.5013052964961E-4	9.249527616579888E-4
49	csvline:50	5.175565592936462E-4	3.565368998964597E-4	0.43368434263481165	0.0035220426491715663	4.0631508954950136E-4	0.04351631150478884	5.876691588603175E-4	3.896061117762494E-4	0.08024652934281858	0.43677309004903325
50	csvline:51	0.0017639698228334487	0.01168588886738347	0.001740042892077163	0.2004769545027583	0.44115493032628417	0.0017250807599241014	0.10671009901001792	0.0013278808115247023	0.2316185575970047	0.0017965954101920602
51	csvline:52	0.0019935869482390132	0.0013733519504984231	0.013800242278349988	0.0017329329856119184	0.0015650936015649416	0.0019496356701379021	0.09693322990154789	0.853526904806289	0.001427168737026234	0.025697853120734603
52	csvline:53	0.0660922574860022	0.4928708622126317	0.057367872576431896	0.01806692902346267	0.17050762193659882	7.178635773272642E-4	0.16640762100367662	0.026695859795193434	5.254891827757849E-4	7.476232058996238E-4
53	csvline:54	0.039414004558828195	0.10297505741031752	0.0010618345797696288	9.35695732058759E-4	8.450709954832288E-4	0.505830695148335	0.014001448364654728	0.10304383613038447	7.705985789702036E-4	0.23112175850119832
54	csvline:55	0.3235602833093163	6.806529019844313E-4	0.04202929593386329	0.006723816106461201	0.5520809538535286	0.036155965521198104	0.03631159806858997	7.437842497884132E-4	7.073252723934419E-4	0.0010063247828761546
55	csvline:56	0.0017826352919331982	0.0012280305393082198	0.23455173479033334	0.0015495624614896932	0.0013994830231974437	0.02290636014320844	0.0020241261824501815	0.06483100805710285	0.0012761526957296657	0.6684509068152471
56	csvline:57	0.02532591370812422	2.8904871977902244E-4	4.138978646996194E-4	0.06512117308096249	0.057613950678459876	0.015354133532388632	4.764304005322295E-4	0.04514724229636428	0.13728515987121706	0.6529730498474726
57	csvline:58	0.0013865086123387035	9.551448502510601E-4	0.017828004639871914	0.001205227848867659	0.0010884981764165448	0.6186173029119527	0.09210600321104725	0.25617843182607725	9.925735854637956E-4	0.009642304337713112
58	csvline:59	7.853774789224269E-4	0.005202942714116851	7.747244210795562E-4	0.35498770232468463	0.005278479712717321	0.17792056777908727	8.917713709513901E-4	5.912162841819799E-4	0.05184322420356459	0.401723993710694
59	csvline:60	0.01603768118043703	0.011048116436597177	0.01582014203541962	0.013940814949082812	0.012590608210799317	0.01568410914974081	0.01821028144680511	0.868852886828452	0.01148105289078648	0.016334306871879662
60	csvline:61	0.007928452317123944	4.243234351544102E-4	6.076019429758561E-4	5.354228951146647E-4	4.8356569713481205E-4	0.0335086065535871	0.8379801206025763	0.11746360599376338	4.409511639169934E-4	6.273493986525205E-4
61	csvline:62	0.3223876306017861	0.059493562620548175	0.007113793769139348	4.809142994327587E-4	4.3433641069364176E-4	0.007109101062138001	6.281974745701518E-4	0.013552572290446811	3.960602395117719E-4	0.5884038312317332
62	csvline:63	6.027344591080588E-4	4.1521466910678366E-4	0.004172319432843821	5.239292054334252E-4	0.021939748897361968	5.894463756077222E-4	0.07581735890838216	0.8948938802316574	4.314854576707972E-4	6.138823628279128E-4
63	csvline:64	0.07241703759767895	0.12608794871484258	5.966936441861215E-4	5.258104292786106E-4	4.7488422537555786E-4	0.7941156983100387	0.004277450288008229	4.5535546513319065E-4	4.3303475235298536E-4	6.160865731050158E-4
64	csvline:65	0.0042645063255821155	0.0029377540243852454	0.029520267747827136	0.00370693823285701	0.0033479109450919183	0.004170489606800339	0.28329188136456074	0.6107367843560243	0.05368008669267684	0.004343380704194298
65	csvline:66	0.0018410795106576945	0.0012682918792269744	0.0018161066446833983	0.023457226708432928	0.0014453654828789587	0.0018004904620332286	0.31901497789165856	0.001385927425202029	0.5695963878496832	0.07837414614554307
66	csvline:67	8.360458756340101E-4	0.9881471995724764	0.005787375188103079	7.267360355919004E-4	6.563496273515288E-4	8.176141313763867E-4	9.493037382677955E-4	6.293584286070805E-4	5.985084008894357E-4	8.515090017023972E-4
67	csvline:68	0.17680369322026404	4.86591960788586E-4	6.967661842763612E-4	0.15994016517866688	0.32339966216098637	6.907748907419343E-4	0.06788673826867854	0.21017142150690066	5.056597719715856E-4	0.059418526856725044
68	csvline:69	0.0019935869482390132	0.19071250147629631	0.0019665454329876194	0.0017329329856119184	0.0015650936015649416	0.0019496356701379021	0.0022636551386489424	0.0015007319401986303	0.40377286147934677	0.3925424553269681
69	csvline:70	0.03819379033397169	7.185829791861254E-4	0.0010289613492217011	0.6634271871437905	0.1370380684288434	0.001020113604285328	0.0011844189341195439	7.852323857379224E-4	7.467416946409243E-4	0.15585690314620296
70	csvline:71	0.0016435088164921435	0.3425807913914977	0.0016212158491519277	0.2550761598899337	0.0012902598179023762	0.001607275476823121	0.060400198680334034	0.0012372002019207149	0.0011765548545532316	0.3333668350213911
71	csvline:72	0.06257346916150862	7.141610510764794E-4	0.08717411832474857	0.6778057033356238	0.1238874247594482	0.01332119170702827	0.025791841507964933	7.804003186563563E-4	7.42146486869767E-4	0.007209543347075015
72	csvline:73	0.001310981573677675	0.09428509823481983	0.001293199089572722	0.0011395756852051232	0.0010292046075767512	0.0012820792397307975	0.12599788868096937	0.5301514497382432	0.05541132861230492	0.18809919453789956
73	csvline:74	0.042527219745805867	0.06866777216588525	0.04249654871358173	0.05565359849669548	0.0017751607423301791	0.713578256049687	0.029411518802021676	0.001702160447360994	0.015040741312619127	0.029147023524012723
74	csvline:75	0.06073008873628207	0.008297527528779514	0.14249478255486656	0.0010887412756551255	9.83293652111881E-4	0.1127453649020453	0.6482409414761328	9.428574679772146E-4	0.008331338736311731	0.01614506366983786
75	csvline:76	0.22926669359511526	2.1959010374167137E-4	0.49983719846726365	2.7708478802522546E-4	2.5024835491611744E-4	3.117341471781282E-4	0.07793934225136506	0.14025770083091535	2.2819506020049934E-4	0.05141221240127893
76	csvline:77	0.0174625805525366	0.03438709244751561	0.548510945116252	3.567331457445614E-4	0.027118481828105064	0.24644009044565418	4.659850237693604E-4	0.036849341479238885	2.937900064773051E-4	0.08811495995470647
77	csvline:78	0.006893429562183552	6.846684479875363E-4	0.8092187833400284	8.639333400988111E-4	0.12467081439645114	9.719679124713854E-4	0.03062626990891827	7.481722423507054E-4	7.11498173386259E-4	0.024610462676124
78	csvline:79	0.7745204006016356	0.10444094298178228	0.05582417437427217	0.010232179013980075	4.3009904356735874E-4	0.029803643466370308	0.013630010798711834	4.124119934328636E-4	0.006896167288732743	0.003809970437514799
79	csvline:80	0.06589046547432084	0.5640082960865932	0.02144113800829761	0.02841243090369463	3.093707431468816E-4	0.11968238768422425	0.037873966137741646	0.15935932153673918	0.002621264208027138	4.0135921721463945E-4
80	csvline:81	0.05886772249891742	0.006512069783410783	0.07976139433065262	0.09434905127503072	0.03371391319738215	0.18007095554288882	3.997641519277464E-4	0.002354875759954449	0.4391194349683146	0.10485081849152068
81	csvline:82	0.0011821874026629036	8.143910536412245E-4	0.07835672584450748	0.0010276208655253544	0.6956432582883686	0.02220809921567998	0.183792784000737	8.899267704595617E-4	0.007863629050016413	0.008221377508401443
82	csvline:83	9.822891760566514E-4	0.05898421039479279	9.689651583813356E-4	0.33320675798247823	0.1815244912523058	0.19920622242266714	0.0011153583960729707	7.394474278243893E-4	0.029856964139457775	0.193415293649963
83	csvline:84	0.6728630458079612	0.0014415892721888614	0.0020642565792680294	0.13845745235310958	0.08859457698377811	0.08899822567744248	0.0023761286847316797	0.0015752983527903069	0.001498080037060906	0.0021313462516688603
84	csvline:85	0.48842887520989536	0.06047199049733557	0.008128126426421389	0.011806334137259513	0.08304648448730063	6.181993776244358E-4	7.177701040780353E-4	4.7585893386238836E-4	0.00795709840161875	0.33834926242460395
85	csvline:86	5.859629770167339E-4	4.0366104830122205E-4	0.017969050214291217	0.04920424961378113	0.765665575525193	0.08057180742157519	6.653424899042508E-4	4.411010797194783E-4	0.04911437817400029	0.03537887145621748
86	csvline:87	7.674876937258227E-4	5.287106850759369E-4	0.009868510042436046	6.671415769869095E-4	6.025270579701381E-4	7.505674058517872E-4	0.046428621808790205	0.8707195763634344	5.494289795112255E-4	0.06911742838621741
87	csvline:88	0.0017639698228334487	0.8493432239023019	0.001740042892077163	0.0015333374319651731	0.0013848294329519663	0.0017250807599241014	0.01247364881858959	0.10603504769088952	0.022204223838275094	0.0017965954101920602
88	csvline:89	0.002571840091903341	0.001771701811002244	0.017803094267240773	0.002235581715116723	0.002019059402270689	0.0025151404534899382	0.06398480040302675	0.9026382456597568	0.0018411285141274262	0.0026194076820653944
89	csvline:90	0.05570184185682921	0.1651636906398481	0.005816239262161899	0.05060456627275167	0.7188481851832446	8.216919169134466E-4	9.540383152591064E-4	6.324973037797496E-4	6.014934139992841E-4	8.557558352129349E-4
90	csvline:91	0.45629070974322866	0.06406783561505507	0.01824841898813769	0.00660755713589528	0.006525811828950156	0.08163913480120463	0.2604618491287915	7.309237566050181E-4	0.08138466997426069	0.02404308902787134
91	csvline:92	0.047948185736708636	7.762601651273238E-4	0.07468795816326591	9.795062693707067E-4	0.03432845974895134	0.3020963856954608	0.15512106491063687	8.482591977152293E-4	0.3352448929313122	0.04796902718145097
92	csvline:93	0.1395846928190582	0.0799576239202799	0.5040782318512174	0.0014427007660448273	0.0013029711804535167	0.23806595430685762	0.0018845373881765863	0.030804744369697677	0.001188146020231664	0.001690397377982733
93	csvline:94	0.01999372558027255	4.489452612683646E-4	0.039326912852692714	5.6649138751633E-4	5.116251195543958E-4	0.016110952604192562	0.07423968599517715	4.905854560746316E-4	0.22483405190209396	0.6234770238411573
94	csvline:95	0.3277983617089608	0.21142375868465715	0.057333159930332465	3.4742348214001164E-4	3.1377455068681696E-4	3.9086867123399194E-4	0.3112453262717717	0.09045413127505589	2.8612296974884626E-4	4.0707245541232257E-4
95	csvline:96	0.025017934833656264	3.5544491813664045E-4	0.07707760833147263	0.36797796137707894	0.040220761204682376	5.045961386059403E-4	0.4171192473897466	0.003451158274732456	3.693735423868281E-4	0.06790591398950137
96	csvline:97	0.004502685706494989	4.472152513682999E-4	0.004493879968070731	5.643084137926831E-4	0.027484143216125318	6.348749903336064E-4	0.008444128627234454	4.886949857454894E-4	0.3935215891159312	0.5594184797249032
97	csvline:98	0.006874954813673943	0.004736052576632165	0.006781701195811513	0.21002068246582448	0.005397280414297316	0.006723387282989985	0.08942413529070871	0.005175326957982189	0.6578643681362122	0.007002110865867476
98	csvline:99	0.005347566060482062	0.9890693666525917	7.605421115828266E-4	6.70194794384452E-4	6.052845627627386E-4	7.540024270536212E-4	8.754463691326381E-4	5.80393323018459E-4	5.519434774481314E-4	7.852602215433727E-4
99	csvline:100	8.319173446769382E-4	5.730952988906529E-4	0.005758796185059551	7.231472944617734E-4	6.531084657907132E-4	0.6822800950013563	0.2034093061654245	0.09445135091092877	5.955528687432292E-4	0.010723630464667554
100	csvline:101	0.0451830652343369	0.20728950409361607	3.54707056262524E-4	3.1257022986384283E-4	0.07285364660966004	0.1348220990796042	0.5254833563495117	0.013077396745421912	2.574193369798778E-4	3.662352647429611E-4
101	csvline:102	0.37145847088997075	3.5874111627701925E-4	5.136925779174206E-4	0.1519189028139797	0.16733079863884515	5.092754820677474E-4	0.05004966425553583	0.1209467720308353	0.13638329427600981	5.303879185612849E-4
102	csvline:103	0.02244895276542733	0.015464744637438464	0.0221444495185936	0.019513836993172794	0.01762386755493123	0.15520836995043738	0.025490078237939234	0.016899117677734738	0.682342424230367	0.02286415843395817
103	csvline:104	0.007097988220144112	3.7987776476274975E-4	0.0038172335853030198	0.052851736648173483	0.03316566252914195	0.0332720292776027	0.05299853772500788	4.1511186898873147E-4	0.7368815897950561	0.0791202325858193
104	csvline:105	0.047098955294915285	0.012610150025553057	0.001877666488959451	0.08074668379400227	0.024092093183857705	0.7475867668080116	0.0812534197101881	0.0014329056556507266	0.0013626671759795614	0.0019386918628821908
105	csvline:106	0.001353099959399012	0.9647531303750667	0.001334746170906832	0.0011761872510972974	0.0010622702413876752	0.0013232690695716683	0.02563192735804016	0.001018586286966457	9.686570038149218E-4	0.001378126283749275
106	csvline:107	0.0014460131486877094	0.009579500021829624	0.0014263990623051238	0.1986743104735673	0.4732201997705333	0.04433095083820018	0.24197607740564742	0.0010885294569668617	0.001035171684364652	0.027222848137897895
107	csvline:108	9.130780565282353E-4	6.290056879626104E-4	0.011740540003493356	0.45606727758865906	7.168248293679952E-4	0.022572642370481448	0.0010367713514945862	6.873466966348377E-4	0.03317319569021356	0.4724633177251643
108	csvline:109	0.033400067225609335	0.036852060071534305	6.053884926981259E-4	0.10253546315330396	4.818041020000407E-4	0.7656151136701642	0.004339780065833481	0.01139077549913045	0.007725201293709864	0.0370543464260162
109	csvline:110	0.21989505470607768	0.009864850740226538	7.747244210795562E-4	0.21979236956750373	0.5227502706108925	7.68062786919171E-4	0.014877495449280449	5.912162841819799E-4	5.622359163580288E-4	0.010123719517480338
110	csvline:111	0.2197266236871653	0.21295889041720129	0.026791400061067172	0.31604524308565696	8.505053802574683E-4	0.0010594737754573565	0.001230118679511134	0.05226100419183233	7.755540551455652E-4	0.16830118666670543
111	csvline:112	0.010156542397662989	0.10358591929095473	7.783530313234297E-4	0.1880356181421473	0.005303202756210586	0.32863368462660797	0.07583583949752667	0.04274767424482865	0.08955599020195075	0.15536717581078693
112	csvline:113	0.001342318668385627	9.247030650186773E-4	0.5590732749528026	0.0011668155731571507	0.0010538062365462696	0.0013127254664705346	0.25649520685945126	0.10459245791805331	0.07267154567325712	0.001367145586857602
113	csvline:114	0.0019474948215858923	0.0013415997803221489	0.013481177932799708	0.0016928672304038243	0.001528908326289618	0.14062575276084097	0.8229783778908796	0.013026134140587524	0.001394172312044372	0.0019835148042463852
114	csvline:115	0.04030807322369514	0.4896554115925062	0.003317687287225287	0.0743843806676898	3.7626086850487376E-4	0.11142036264787332	0.13710008344648691	0.11415735687050266	3.431026412475005E-4	0.02893728075426835
115	csvline:116	5.799118168598597E-4	3.994924954264341E-4	0.01434119816609328	0.007388666747000774	0.0038975560703112012	0.007451703098444025	0.10736940283639171	4.365458887203096E-4	0.33775938145602663	0.5203761414247258
116	csvline:117	0.07557199149645415	3.2281755450282206E-4	0.003243859276004656	4.0734000365273156E-4	0.13666661947939987	4.582777335241502E-4	0.7376578833128355	0.04485846749924733	3.3546762822340276E-4	4.772760161552859E-4
117	csvline:118	0.03767753772351326	0.11764100507872703	4.754784516997098E-4	0.00614138264905646	3.784139791302274E-4	4.7138994821358497E-4	5.473147085504773E-4	3.628523843753162E-4	0.02037342351045707	0.8159312015662769
118	csvline:119	7.245752239827311E-4	4.991489325401685E-4	7.147469032328291E-4	6.298397505591408E-4	5.688380172781393E-4	7.08600998628492E-4	0.013725711376719005	5.454455762102493E-4	0.052130625005525545	0.9297524682153238
119	csvline:120	0.1393423005173704	0.0012280305393082198	0.022921480597353043	0.033294100590436734	0.0013994830231974437	0.0017433347239104093	0.0020241261824501815	0.7949553850228848	0.0012761526957296657	0.0018156061073591047
120	csvline:121	0.8666338178879586	0.0018567374483810216	0.002658720183158888	0.0023428820039558197	0.06611141463743972	0.00263585860720604	0.05105699052411121	0.002028952004864469	0.0019294963961958547	0.0027451303067283408
121	csvline:122	0.00552270181977951	0.0038045059047537733	0.005447790501955933	0.004800629419072355	0.004335675095145981	0.005400946506440882	0.006270853831889622	0.9548384587258892	0.003953590982359425	0.005624847212713362
122	csvline:123	0.003270920731529232	0.19641128225369225	0.003226553139272531	0.3134960511529716	0.0025678825358806273	0.04203040779869351	0.003714027385953673	0.002462282981938578	0.0023415862616140226	0.4304790057584539
123	csvline:124	6.250990051223169E-4	0.06721987185234371	6.166200048481739E-4	0.0970167316278469	4.90742806139326E-4	0.7278720464591373	0.01555183590177319	0.0041810758116626835	4.474957856464733E-4	0.08597848074547991
124	csvline:125	0.0016435088164921435	0.0011321884108363616	0.05039958770353212	0.0014286262471566804	0.040312957301406535	0.7918168995177822	0.10917857053471422	0.0012372002019207149	0.0011765548545532316	0.0016739064116057507
125	csvline:126	4.890124440253929E-4	3.368732898324317E-4	4.8237935612575796E-4	4.250759142333161E-4	3.8390612855176943E-4	4.7823151373226004E-4	5.552582157297734E-4	0.9437521691857303	0.029377275711964884	0.02371981824007409
126	csvline:127	0.00798685616593145	0.6744495599200314	0.004295258691900033	0.018955271679619367	4.871278170460285E-4	0.173716318534475	0.03016999918340191	4.670955611020533E-4	0.004127380302897324	0.08534513214359545
127	csvline:128	0.03115542490290419	0.8829900873995103	0.004430990169157241	0.057231628574806855	0.0035264450269066406	0.004392889349469569	0.0051004332254239275	0.003381426313379391	0.0032156748262279337	0.004575000212213745
128	csvline:129	0.2904994000318308	9.321301336274491E-4	0.017398429508264153	0.0413353955944906	0.4749409286934287	0.13786457743710892	0.02563192735804016	0.009050427955645118	9.686570038149218E-4	0.001378126283749275
129	csvline:130	0.3898709078803084	8.201462866020307E-4	0.0011743930124493097	0.18477469238525107	0.1846744610880066	0.17077027265875241	0.05788714868263968	0.007963131554491965	8.522849074498183E-4	0.001212561544048704
130	csvline:131	0.0032086227556448483	0.0022103717742388476	0.0031651001888165576	0.8789053835375833	0.002518974629690119	0.0031378843957356054	0.0036432899980696483	0.0024153863254862454	0.05943500640126511	0.041359979993469756
131	csvline:132	0.00315371913303965	3.132333426676655E-4	0.13809869851575393	3.952463834964364E-4	3.5696567091053546E-4	4.446718102521167E-4	0.011312384954229792	3.4228609928135665E-4	0.8451196880422923	4.631060480762052E-4
132	csvline:133	0.0030351975815779606	0.0741572003338407	0.0029940273974704977	0.002638356963368004	0.0023828247464246157	0.14710087969795757	0.47187731171382274	0.2905500295363952	0.0021728368070186425	0.0030913352221240754
133	csvline:134	0.022325562394710532	0.052336162601066605	0.013676548693319864	0.004952131851625539	0.19927158246340396	7.116618512810005E-4	0.5364531476215634	0.03942394483663715	0.048036235502407515	0.08281302218398442
134	csvline:135	6.070784216432244E-4	4.1820715931436224E-4	0.1519477701711377	0.04737380145133587	0.011287233086321914	5.936945697061951E-4	0.018707047734784474	0.0076640880886763895	0.20944025536090077	0.5519608239561791
135	csvline:136	7.245752239827311E-4	4.991489325401685E-4	0.12974453739989766	6.298397505591408E-4	5.688380172781393E-4	7.08600998628492E-4	0.13845450885682836	0.06936133384109816	0.2370733247174118	0.4222352922617753
136	csvline:137	0.15748836966747898	3.874878908108814E-4	0.2075634689032612	4.889427995989414E-4	0.06721855923908333	0.40788961358751546	6.386847558486059E-4	4.234278430733235E-4	0.10390697862714804	0.05399446668618122
137	csvline:138	0.0018017000034183442	0.11888262838869888	0.0017772612909940325	0.8464457429103965	0.0014144500443185643	0.023151336302539113	0.0020457735613911053	0.0013562833284870204	0.0012898007386384835	0.0018350234311179832
138	csvline:139	0.10798865807128619	0.028822119399623706	9.362122270020654E-4	8.249964747777513E-4	7.450932694505523E-4	0.7952744609977466	0.0348796272547318	7.144526479268661E-4	6.794314533426127E-4	0.02913494820411184
139	csvline:140	0.006048647327681894	3.237180107113964E-4	0.09530197514255713	0.05061705852759268	0.005947645531501346	0.011617018771865844	5.335747607553328E-4	0.0031431089160123813	0.44384554705290485	0.38262170595841716
140	csvline:141	0.00852035000769611	0.1576241787680802	0.1696087532253984	0.38956663418141285	0.10660818606158858	0.16174472971234027	7.51613289818051E-4	4.982958982793402E-4	4.738703220500216E-4	0.004603388533336198
141	csvline:142	9.437689914135388E-4	6.501482096492533E-4	0.07936038638785696	8.203747609116732E-4	7.40919181439002E-4	0.16898600288331972	0.690130086136795	7.10450211782555E-4	0.05669663872136322	9.612245154690761E-4
142	csvline:143	0.011071494644669055	0.05077245310736089	0.6591321410662766	3.889477107342141E-4	0.018943354952936253	0.0030935966207021317	0.05362828811396928	0.018928909315940868	3.2032053039938145E-4	0.18372049393701143
143	csvline:144	0.0421042986451259	0.014443618601010592	0.02161150676471577	9.995638094771407E-4	9.027532717984126E-4	0.0011245589262341964	0.0013056868168110193	0.785824740495266	0.06908051159679282	0.06260276107276816
144	csvline:145	7.640070940985308E-4	5.263129525409863E-4	7.536439095354055E-4	6.641160526127804E-4	0.10037102532958367	7.471635406765906E-4	0.38181220525917864	0.3588445486577671	0.15473883938053334	7.78137823472955E-4
145	csvline:146	0.010832201017768385	3.9676096433052403E-4	0.007405637282287997	0.49963835549931246	0.19190223626274017	5.632491571416672E-4	6.539692868941185E-4	4.335610049403068E-4	0.11323110646374562	0.17494292306083875
146	csvline:147	0.006265089032717849	0.1561145319510464	0.5156240707573414	0.006146987726129699	0.15083960689013692	0.022330582271495116	0.006387455889656605	0.006041778326748051	6.466446581734639E-4	0.12960325249655444
147	csvline:148	6.752062488454124E-4	0.7860222822794233	6.660475813029116E-4	0.17693648827168465	0.01255391402552301	6.603204282671695E-4	7.666754119738292E-4	5.082816100692734E-4	4.8336655205740103E-4	0.020727417590853028
148	csvline:149	0.007167450740445566	0.004937548604633092	0.2623410798715206	0.006230333631466751	0.005626908474351804	0.007009434747690595	0.008138414386166809	0.005395511976785565	0.4305824506647167	0.2625708669022226
149	csvline:150	0.20090856928593046	3.940665332666157E-4	5.642761427669568E-4	0.2891176741214978	0.4214953591143536	0.08205225144704406	6.49528136378158E-4	4.3061666226339645E-4	0.003805043074551965	5.826154819470037E-4
150	csvline:151	0.0034732271783866446	0.4765759861908835	0.1271261152135137	0.37411911513394713	0.002726706070420498	0.003396655261741398	0.00394373997933472	0.0026145751840796483	0.002486413371617325	0.0035374664160753816
151	csvline:152	0.0025331683904806614	0.0017450614597374833	0.0024988078567070825	0.7239582192863885	0.01702528824278862	0.24306273901914333	0.002876332857836877	0.001906917938469622	0.0018134442220894928	0.0025800207263584635
152	csvline:153	0.023333468229750128	0.19465096552153963	7.502415222605265E-4	0.12255483351141226	0.42496780053969874	0.20389998318492117	8.635895457105047E-4	5.725326231640142E-4	5.444680950810944E-4	0.02786211722646192
153	csvline:154	0.0014712700394895158	0.0010135357177311185	0.0014513133622816726	0.0012789070396082148	0.0011550413324150483	0.0014388339329406863	0.5082011291903745	0.4814382348172997	0.0010532525837097567	0.0014984819841498667
154	csvline:155	0.07071993521071326	0.0010047608545124195	0.6161336995400801	0.0012678346776325408	0.0011450413595215673	0.010084052344540483	0.1921249755186131	0.10499005801604255	0.0010441338647587525	0.0014855086135852507
155	csvline:156	0.10318975219740638	3.3110663049291115E-4	0.7964697302786905	4.177993860406591E-4	0.026054612042103773	4.700450581468707E-4	0.0033987840572145458	0.04601031082596131	3.440815236692108E-4	0.023313778000273858
156	csvline:157	0.0012810742600416903	8.82512716746903E-4	0.0012636974462680616	0.5258106662564076	0.046631559154227016	0.0012528312726359976	0.0014546194407501658	9.643667969983086E-4	0.13019029075627658	0.29026838189964776
157	csvline:158	0.056830278646353455	4.07917513043719E-4	0.2325664244816834	5.147214546902501E-4	0.4644294986279761	5.790871987441726E-4	0.22211002231589166	4.4575233651426876E-4	4.2390235197190646E-4	0.021692395073131053
158	csvline:159	0.08274638026453225	3.2922803500887393E-4	0.08273989771289889	0.5734578461204222	0.19611740529022056	0.031672658313886194	5.426567697848019E-4	3.5976431792836136E-4	0.031547409457114234	4.867537182036818E-4
159	csvline:160	0.01657295421832568	0.0016460571245229762	0.0023570404654776134	0.08717805559919188	0.4982984647791272	0.3285573334363645	0.05944715747905807	0.001798730836088022	0.0017105602585163312	0.002433645803327847
160	csvline:161	0.03249561512744352	0.0011902467073246973	0.5452693064987585	0.022013770891364887	0.2782668728291723	0.02220158120221191	0.03272967586786181	0.0013006434728913834	0.032004715900468175	0.03252757150250289
161	csvline:162	8.079777877234651E-4	5.566036995324399E-4	0.2262118753932166	7.023377441473243E-4	6.343143783568662E-4	7.901648418275648E-4	0.08245046677161043	6.082293396225916E-4	0.005374475814070193	0.6818635542298925
162	csvline:163	7.605579213765213E-4	5.239368695266177E-4	7.502415222605265E-4	0.6146442782339568	0.005111668803949689	7.437904095587148E-4	0.01892191779240939	0.03217460705488706	0.2894777200422633	0.03689128134981136
163	csvline:164	4.596587107319123E-4	3.166519461340184E-4	0.34424188599905575	3.995600706830459E-4	0.016731740718569543	4.4952492256439746E-4	0.0223497668476327	0.0985712967007057	3.2906041155508233E-4	0.5161508536723679
164	csvline:165	0.0063561773431260625	0.11756723030348605	0.006269960553476363	0.005525131166228772	0.00499000683111714	0.006216046952367594	0.8372666474394151	0.004784801768903093	0.004550259319823965	0.006473738322055896
165	csvline:166	0.06386603364872386	0.0089095357112764	6.996998817082692E-4	0.10587776747192043	5.568627042669769E-4	0.013325025833028588	0.11448749420867857	0.055269780100243165	5.07788825889426E-4	0.6365000116142643
166	csvline:167	0.09866209553997901	0.6834081109827659	5.820639052698362E-4	0.0670617946177065	4.632410106364718E-4	0.12316709366318636	0.025188010262275344	4.441910566734882E-4	4.2241760328439837E-4	6.0098135822268E-4
167	csvline:168	0.16643523750956005	0.02845549317461548	0.08204167946078286	4.1192323750933655E-4	0.03975268808590197	0.6136765802303932	0.06804778160626551	3.567283700944726E-4	3.39242181612908E-4	4.8264614326426817E-4
168	csvline:169	0.5406308412731919	3.388404075936071E-4	4.851961333167645E-4	0.08217832160650958	3.8614788706124915E-4	0.012159704574457373	0.003478170683428481	0.04124565001393314	0.05874552088101964	0.2603516065394882
169	csvline:170	0.1072576503550271	3.0988776591167226E-4	0.059188033813742574	0.5264194924050021	0.029725300933642437	0.10457753777359508	0.00318097404675493	0.019029997084063475	0.14985296610849486	4.581597137657883E-4
170	csvline:171	7.214721771870107E-4	4.970112904507904E-4	0.07351543879580646	6.271424154100763E-4	5.664019265474949E-4	0.004988140059621952	0.009384356309212718	0.009108257059316126	0.04762479806507729	0.8529669819013701
171	csvline:172	0.11928694928339069	3.2829670857600083E-4	0.09382111647241517	0.02304480361412271	3.7413212091820535E-4	0.12210526156180969	0.026000490289454486	3.5874660988632846E-4	0.056917536151568915	0.5577626671878578
172	csvline:173	0.002929633654783271	0.4019872517682209	0.002889895366354568	0.5590253031191882	0.0022999502941573697	0.0028650459809878076	0.003326506668227823	0.0022053689720921013	0.0020972657183273838	0.020373778457660516
173	csvline:174	0.11460886983096913	4.5600125212016214E-4	0.2560512508591764	5.753948294117729E-4	0.047670119493103576	6.473477584812558E-4	7.51613289818051E-4	0.5780913482694324	4.738703220500216E-4	6.741840954371969E-4
174	csvline:175	0.12152459279176275	7.762601651273238E-4	0.18839695088471317	0.06117838476896043	8.846383602903794E-4	0.6164683067488739	0.001279486522796445	0.007537023475447421	8.066790447026133E-4	0.0011476772373256259
175	csvline:176	0.5978589526283745	4.6513939091529215E-4	0.040745493647043114	5.869255824277304E-4	5.300802058009483E-4	6.603204282671695E-4	0.08894145675660228	0.14479428744673403	0.11270581553612997	0.012711528377704987
176	csvline:177	0.0013865086123387035	0.009185296339953306	0.1824310344339168	0.2974906814781485	0.02577895264552328	0.24826048587535168	0.0015743368243225642	0.0010437356453076587	0.2232066638074244	0.009642304337713112
177	csvline:178	0.0023560347631078004	0.1414744797682486	0.002324076914449295	0.19784001230403891	0.02981992697776377	0.0023040928404438775	0.05861578040354726	0.015758719624803894	0.18349351371364625	0.36601336268995044
178	csvline:179	8.079777877234651E-4	5.566036995324399E-4	0.015185200549322446	0.010294459327960694	6.343143783568662E-4	0.5283568519515629	0.18796380419355752	0.010200350923435962	0.005374475814070193	0.24062596137447753
179	csvline:180	6.114854533969521E-4	4.2124309695442183E-4	0.03690024596077029	0.2618703309603099	0.12389004178502419	5.980044425783502E-4	6.943224573243627E-4	4.603138838214473E-4	0.486818285108263	0.08773572685155712
